[ 2431.461125] [Project1] 3160 1588004412.395703638 1588004413.742957066
[ 2434.226754] [Project1] 3161 1588004415.125240037 1588004416.508644406
[ 2436.932680] [Project1] 3164 1588004417.828896149 1588004419.214624264
[ 2439.708247] [Project1] 3165 1588004420.576157914 1588004421.990250922
[ 2442.422991] [Project1] 3166 1588004423.308387710 1588004424.705049227
[ 2445.025339] [Project1] 3167 1588004425.916031546 1588004427.307452319
[ 2447.747579] [Project1] 3168 1588004428.607979221 1588004430.029738258
[ 2450.477976] [Project1] 3169 1588004431.371972062 1588004432.760201552
[ 2453.244056] [Project1] 3170 1588004434.149669456 1588004435.526338782
[ 2455.925540] [Project1] 3171 1588004436.833177645 1588004438.207876779
